0.7965
0.6987
0.7870
0.6769
0.7898
0.7632
0.7819
0.7449
0.7803
0.7555
0.7721
0.7693
0.7670
0.7770
0.7939
0.7818
0.7991
0.7911
0.7973
0.7976
0.8120
0.7545
0.6095
0.8139
0.8001
0.7746
0.8092
0.8305
0.8175
0.8163
0.8160
0.7460
0.7997
0.7975
0.7568
0.8027
0.8105
0.7970
0.8153
0.8221
0.8124
0.8211
0.8305
0.8133
0.7480
0.8124
0.8246
0.8122
0.8058
0.7622
0.8114
0.8078
0.8056
0.8069
0.8042
0.8179
0.8100
0.8064
0.7632
0.8106
0.7477
0.8171
0.8231
0.8086
0.8206
0.8059
0.6225
0.8087
0.7705
0.7775
0.7703
0.7799
0.7868
0.7997
0.8069
0.7617
0.7489
0.7597
0.7499
0.7702
0.7796
0.7170
0.7775
0.7761
0.7737
0.7771
0.7921
0.7809
0.7829
0.7763
0.7762
0.7666
0.7970
0.7043
0.7828
0.7843
0.7704
0.7958
0.6566
0.7859
0.7712
0.7843
0.8307
0.8243
0.8039
0.8186
0.8160
0.8069
0.7435
0.8077
0.8093
0.8062
0.7340
0.8003
0.8075
0.8261
0.8090
0.7956
0.8168
0.7973
0.6657
0.7950
0.6976
0.8156
0.8129
0.8014
0.6767
0.8050
0.8144
0.8093
0.8084
0.8084
0.8265
0.7429
0.8169
0.7622
0.8175
0.7225
0.8130
0.8150
0.8196
0.8081
0.8050
0.8080
0.8080
0.8077
0.8091
0.7601
0.8111
0.8122
0.8125
0.7480
0.7892
0.7831
0.7947
0.7700
0.7516
0.8054
0.6824
0.7435
0.7530
0.7992
0.7468
0.6278
0.7796
0.7785
0.7940
0.7669
0.7914
0.7054
0.7686
0.7847
0.8000
0.6977
0.7801
0
0
0
0
0
0
0
0
0
0
0
0
0
0
0
0
0
0
0
0
0
0
0
0
0
0
0
0
0
0
0
0
0
0
0
0
0
0.6454
0.6454
0.6628
0.6628
0.6314
0.6314
0.5351
0.5351
0.7155
0.7155
0.5543
0.5543
0.4820
0.4820
0.5655
0.5655
0.6559
0.6559
0.6857
0.6857
0.6486
0.6486
0.6762
0.6762
0.6417
0.6417
0.6666
0.6666
0.6705
0.6705
0.6294
0.6294
0.4724
0.4724
0.6609
0.6609
0.4967
0.4967
0.6782
0.6782
0.6706
0.6706
0.6527
0.6527
0.6568
0.6568
0.7172
0.7172
0.7157
0.7157
0.6396
0.6396
0.6930
0.6930
0.6872
0.6872
0.5764
0.5764
0.4609
0.4609
0.6551
0.6551
0.4930
0.4930
0.7108
0.7108
0.6279
0.6279
0.6621
0.6621
0.6540
0.6540
0.6741
0.6741
0.5352
0.5352
0.6644
0.6644
0.4614
0.4614
0.7117
0.7117
0.6628
0.6628
0.5263
0.5263
0.4858
0.4858
0.6585
0.6585
0.6704
0.6704
0.6955
0.6955
0.6319
0.6319
0.6575
0.6575
0.6370
0.6370
0.6586
0.6586
0.6451
0.6451
0.6578
0.6578
0.7115
0.7115
0.7018
0.7018
0.6348
0.6348
0.6476
0.6476
0.7140
0.7140
0.4856
0.4856
0.6372
0.6372
0.4614
0.4614
0.5264
0.5264
0.4216
0.4216
0.6698
0.6698
0.6960
0.6960
0.6608
0.6608
0.6800
0.6800
0.6615
0.6615
0.6457
0.6457
0.6335
0.6335
0.5562
0.5562
0.4959
0.4959
0.4614
0.4614
0.4614
0.4614
0.6383
0.6383
0.6553
0.6553
0.6758
0.6758
0.5111
0.5111
0.6706
0.6706
0.6598
0.6598
0.6711
0.6711
0.6715
0.6715
0.6429
0.6429
0.6756
0.6756
0.5825
0.5825
0.6649
0.6649
0.6770
0.6770
