0.6454
0.6454
0.6628
0.6628
0.6314
0.6314
0.5351
0.5351
0.7155
0.7155
0.5543
0.5543
0.4820
0.4820
0.5655
0.5655
0.6559
0.6559
0.6857
0.6857
0.6486
0.6486
0.6762
0.6762
0.6417
0.6417
0.6666
0.6666
0.6705
0.6705
0.6294
0.6294
0.4724
0.4724
0.6609
0.6609
0.4967
0.4967
0.6782
0.6782
0.6706
0.6706
0.6527
0.6527
0.6568
0.6568
0.7172
0.7172
0.7157
0.7157
0.6396
0.6396
0.6930
0.6930
0.6872
0.6872
0.5764
0.5764
0.4609
0.4609
0.6551
0.6551
0.4930
0.4930
0.7108
0.7108
0.6279
0.6279
0.6621
0.6621
0.6540
0.6540
0.6741
0.6741
0.5352
0.5352
0.6644
0.6644
0.4614
0.4614
0.7117
0.7117
0.6628
0.6628
0.5263
0.5263
0.4858
0.4858
0.6585
0.6585
0.6704
0.6704
0.6955
0.6955
0.6319
0.6319
0.6575
0.6575
0.6370
0.6370
0.6586
0.6586
0.6451
0.6451
0.6578
0.6578
0.7115
0.7115
0.7018
0.7018
0.6348
0.6348
0.6476
0.6476
0.7140
0.7140
0.4856
0.4856
0.6372
0.6372
0.4614
0.4614
0.5264
0.5264
0.4216
0.4216
0.6698
0.6698
0.6960
0.6960
0.6608
0.6608
0.6800
0.6800
0.6615
0.6615
0.6457
0.6457
0.6335
0.6335
0.5562
0.5562
0.4959
0.4959
0.4614
0.4614
0.4614
0.4614
0.6383
0.6383
0.6553
0.6553
0.6758
0.6758
0.5111
0.5111
0.6706
0.6706
0.6598
0.6598
0.6711
0.6711
0.6715
0.6715
0.6429
0.6429
0.6756
0.6756
0.5825
0.5825
0.6649
0.6649
0.6770
0.6770
